% U = I*R
% I = E*G
% G = 1/R

E1 = 10;
E2 = sin(5*t);

R1 = 1; R2 = 2; R3 = 1; R4 = 4; R5 = 5; R6 = 5; R7 = 7; R8 = 8;

G12 = 1/R1+R2;
G34 = 1/R3+R4;
G5 = 1/R5;
G6 = 1/R6;
G7 = 1/R7;
G8 = 1/R8;



